4
4
4
4
4
4
4
4
4
4
4
4
4
4
4
4
2
2
2
2
0
456.266
436.181
700
633.166
478.392
408.04
450.251
414.266
422.99
636.719
451.447
494.854
450.251
460.804
432.663
541.709
700
474.874
545.226
700
488.945
700
460.734
633.166
538.191
590.955
534.673
576.884
548.744
700
583.92
576.884
517.085
488.945
700
700
700
682.412
700
531.156
622.613
465.623
597.99
439.698
527.638
661.307
450.251
664.824
605.025
485.427
323.618
446.734
499.497
443.216
520.603
460.804
499.497
401.005
306.03
478.392
471.357
554.653
464.322
320.1
474.874
450.251
513.568
457.286
527.638
467.839
552.261
481.91
566.332
602.739
439.698
245
455.211
324.814
314.156
276.482
251.121
583.92
281.407
244.472
259.492
242.714
235.678
256.784
4
4
2
2
2
2
0
0
-2
-2
-2
-2
-2
-2
-2
-2
-2
4
4
