426
420
418
418
416
416
414
412
412
412
410
410
408
408
408
408
408
408
408
408
408
476.492
548.744
583.92
566.332
675.377
580.402
671.859
422.111
524.121
573.367
453.769
495.98
531.156
529.925
520.603
587.437
541.709
520.603
545.226
552.261
471.357
503.015
449.618
468.965
487.467
453.136
427.598
510.05
545.226
587.437
503.015
587.437
601.508
562.814
594.472
401.005
403.608
489.894
520.603
516.558
432.136
314.191
491.548
388.131
363.367
379.9
523.98
455
334.136
548.744
496.332
486.988
498.811
514.905
429.146
344.653
513.04
467.335
402.236
543.01
486.201
640.201
548.744
555.779
341.171
477.161
451.095
528.94
314.402
421.302
438.889
413.774
404.523
495.98
312.08
470.02
524.297
512.653
404.523
275.99
396.678
300.121
310.146
391.332
361.256
402.764
468.437
409.905
374
372
370
368
366
364
362
360
358
356
354
352
350
348
346
342
340
338
334
