52
42
42
42
140
42
42
42
42
42
44
44
44
44
44
44
44
44
44
44
44
109.085
90.4523
82.9146
120.784
94.2211
69.5276
81.407
95.8794
70.6432
120.603
75.3769
97.5678
90.4523
97.9598
88.9447
104.02
84.4221
75.3769
95.3065
76.1608
88.2211
93.4673
121.598
104.02
61.9899
78.2111
97.8693
84.392
104.02
95.9698
93.5578
87.6482
88.0704
111.558
131.156
90.4523
134.141
64.794
95.6985
124.372
91.9598
57.2563
58.8241
62.593
76.2211
81.8593
96.2714
114.573
58.1608
107.035
90.3618
101.518
68.7739
142.01
63.6784
50.2613
90.4523
106.643
56.9548
114.693
71.5176
170.111
119.186
95.0653
96.5126
68.804
105.528
104.593
66.8442
64.5226
68.0804
80.0201
80.201
79.0553
67.7487
62.3518
89.6683
90.6935
83.6382
90.4523
64.7337
67.8392
93.2563
75.9497
64.8241
48.2412
77.397
65.8191
30
30
30
30
30
30
30
30
30
30
30
30
30
30
30
30
30
30
26
