6
6
4
4
4
4
4
4
2
2
2
2
0
0
0
0
-2
-2
-2
470
0
126.633
84.4221
117.437
116.894
112.281
75.3769
91.1156
93.4673
69.3769
163.387
135.377
120.603
111.558
122.623
102.633
93.8895
148.04
69.5276
108.543
211.99
84.4221
153.769
85.9296
177.889
105.528
132.663
78.392
91.3869
132.663
75.3769
119.095
96.4824
84.4221
105.528
84.4221
102.513
253.266
140.442
192.965
108.543
222.09
87.1055
87.4372
96.4824
120.151
229.146
74.9246
128.02
97.8693
108.784
66.3317
99.4975
135.678
73.99
45.2261
63.3166
83.2462
79.7789
60.3015
89.7286
78.392
106.402
118.462
59.2161
63.9196
78.9648
99.2864
75.3769
79.3568
63.3166
83.0352
90.4523
88.8543
101.276
87.5276
23.8492
22.402
109.839
75.3769
84.7538
64.0704
0
34.8241
45.2261
30.1508
27.1357
41.5477
58.3719
60.3015
72.3618
54.2714
0
95.7889
88.2211
82.6131
77.0352
0
0
-2
-2
-2
-2
-2
-2
-2
-2
-2
